INPUT PARAMETERS

planet_mass = 0.01425
planet_radius = 0.15202
planet_T = 871


RETRIEVED PARAMETERS

planet_radius = 0.15 +- 0
planet_T = 711.64 (+185.53,-138.32)
log(H2O) = -3.87 (+1.33,-1.15)