INPUT PARAMETERS

planet_mass = 0.01425
planet_radius = 0.15202
planet_T = 871


RETRIEVED PARAMETERS

planet_radius = 0.04 +- 0
planet_T = 738.12 (+176.22,-166.82)
log(H2O) = -4.18 (+1.40,-1.28)